Img1: 0.97905475
Img2: 0.9781895
Img3: 0.92274916
Img5: 0.91354203
Img4: 0.82089084
