Img1: 0.9788775
Img2: 0.97795665
Img3: 0.92255765
Img5: 0.9133078
Img4: 0.82070607
